3.60314
3.63118
2.55164
3.12646
3.5751
3.28068
3.42088
3.05636
3.77138
3.505
3.26666
2.84606
3.3648
2.86008
3.5751
2.8741
2.97224
3.00028
3.39284
3.42088
3.6452
2.71988
2.76194
2.78998
3.16852
2.81802
3.54706
3.44892
3.25264
2.86008
3.56108
2.69184
2.97224
3.16852
3.04234
3.19656
3.58912
3.0844
3.60314
2.88812
2.98626
3.00028
2.77596
3.19656
3.02832
3.37882
3.05636
3.19656
3.21058
2.6638
3.1545
3.19656
3.21058
3.42088
3.05636
3.40686
3.07038
3.39284
3.2246
3.04234
3.37882
3.07038
3.00028
3.5751
3.25264
3.4349
3.4349
2.88812
3.19656
3.21058
3.2246
3.21058
2.46752
2.93018
3.16852
3.05636
2.97224
2.81802
3.18254
3.39284
2.86008
2.77596
3.16852
2.84606
2.77596
3.1545
3.2246
3.2246
2.46752
3.30872
2.84606
3.54706
3.26666
3.05636
3.18254
3.2246
2.84606
3.35078
2.8741
4.68268
83.1386013
545.6724121
1049.593292
1139.209119
1152.528137
1153.355334
1153.355334
1153.355334
1153.355334
1153.355334
1153.355334
1153.355334
1153.355334
1153.355334
1153.355334
1153.355334
1153.355334
1153.355334
1153.355334
1153.355334
1153.355334
1153.355334
1153.355334
1153.355334
1153.355334
1153.355334
1153.355334
1153.355334
1153.355334
1153.355334
1153.355334
1153.355334
1153.355334
1153.355334
1153.355334
1153.355334
1153.355334
1153.355334
1153.355334
1153.355334
1153.355334
1153.355334
1153.355334
1153.355334
1153.355334
1153.355334
1153.355334
1153.355334
1153.355334
1151.252319
1136.054639
1117.478137
1099.728821
1082.736572
1064.524597
1047.714612
1030.554108
1013.926385
998.9530335
982.3813903
966.8752686
951.0046325
935.3863525
921.0438842
905.4536499
890.5503907
875.9415528
860.8840821
846.6257323
832.7178955
818.1090514
804.4956361
790.9242737
776.8481934
763.1646789
749.5512451
735.6994935
720.8663268
707.3089905
695.7284731
686.0126221
674.5302368
663.4824708
652.2804993
641.3448914
630.5915527
620.2307801
609.8700011
600.2522645
590.2139465
580.722418
571.1327392
562.1178772
552.5982788
543.7516662
534.9611329
526.2967649
517.3940858
509.2063964
500.5420381
492.5506317
484.4190307
476.5397979
468.8988892
460.8794556
453.7432738
446.8314149
439.3727752
431.5776517
424.8760985
417.5856872
411.5290557
404.9817078
398.3642823
391.7328095
385.4939179
378.5820497
372.6515993
366.7631898
360.6504731
354.9723664
348.9858399
343.3077238
337.924057
332.1197723
326.8762939
321.5206543
315.7864686
311.3982177
305.7761902
301.2617554
296.074356
291.2935271
286.7230194
282.4469116
277.9745301
273.1095978
268.7774016
264.7116119
260.0429595
256.3697282
251.8833206
247.9577211
243.9900605
239.8401398
236.461322
231.9328615
228.3437396
224.7966859
221.4178604
217.6464813
214.0433412
210.6224593
207.2997223
204.2013031
200.4719818
197.0931625
194.2611236
190.9944625
187.8399628
185.0780212
182.2179415
179.6663055
176.2314011
173.6236847
170.5953614
168.3521608
165.5902163
163.262903
160.0242813
157.0660614
154.3742267
152.2291596
150.3925446
147.5745271
145.3313202
143.2423464
141.0412051
138.6157411
136.8912828
134.1293367
132.0543824
129.9934432
127.6100418
125.927639
123.7405167
121.6655571
119.492459
118.2166374
116.2958999
114.5013419
112.8750206
110.6879005
108.8933417
107.2810408
105.6687416
104.1545792
102.5422784
101.0140999
99.2195419
97.9717612
96.0790604
94.9154
92.9526009
91.7048217
90.0504609
88.8026796
87.6810785
86.559478
84.4424574
83.404979
82.2833802
80.9935397
79.8158586
78.6381786
77.4324617
76.4090019
75.1612215
73.7732409
72.6236017
71.13748
70.3804003
69.0765396
68.2773996
67.2258996
65.7818396
65.1228995
63.5807002
62.8796998
61.8982992
60.9309181
60.1878578
59.5569588
58.6877199
57.5941606
56.4865794
55.7575398
54.4256395
53.6965992
53.7807194
52.5749987
51.5935997
51.0748595
50.2757209
49.7289415
48.5372403
47.5698596
47.2193591
46.6305199
45.7753003
45.0602798
44.7378196
43.7424004
43.0554194
42.7750191
41.9197979
41.6253783
40.4476989
40.06916
39.0316796
38.2886207
38.2185203
37.4754601
37.1529988
36.1155182
35.7650188
35.7369789
34.9658798
34.2508599
33.8582993
33.4376993
32.9890588
32.5684591
32.6666
31.7272601
31.3627401
30.9561603
30.31124
29.8485799
29.21768
28.9232598
28.8811999
28.0960796
28.1661793
27.4231191
26.9884996
26.8763398
26.6520199
26.2314197
25.3902197
24.8714796
25.4042401
24.5209796
24.3667601
23.9461603
23.2311398
23.1189801
22.5301397
22.6423001
22.0955199
21.8291401
21.9693399
21.6188399
21.3664799
20.7776399
20.2729195
20.2028194
20.0205594
19.9925196
19.2214197
18.9410198
18.0998198
18.1699201
17.9736401
17.7493203
17.5530398
17.8754999
17.0623399
17.3427398
16.9642
16.9501797
16.7398798
15.9547604
15.8145605
15.6042604
15.3799406
15.5481807
15.3799406
14.9873806
15.1135606
15.1135606
14.5667805
14.4966803
14.0901002
14.0200002
13.9779402
13.6134202
13.5433205
13.1227207
13.1788007
13.0105607
12.9825206
12.7862405
12.9264404
12.9544805
12.6039805
12.7301604
12.1693602
11.7207204
11.2580604
12.1553401
11.4683603
11.2580601
11.3562002
11.0197203
11.1459004
10.7813803
10.7112802
10.7112805
10.6972604
10.4168599
10.1925399
10.1504799
10.3187196
10.3607797
9.9962599
10.10842
9.1971202
9.2391804
9.2251604
8.8746604
8.9587804
9.0288804
8.6363204
8.3699405
8.3419006
8.5381806
8.3699406
8.1316004
8.2998403
8.3138603
7.8932599
8.1596398
8.1736595
8.0194397
7.8091397
8.1315996
7.8091396
7.7810997
7.7390395
7.7670798
7.7530598
7.1922598
6.9118598
6.8557798
7.2343199
7.1081399
6.7296
6.42116
6.40714
6.57538
6.6174399
6.01458
6.22488
6.07066
6.4351799
6.2809599
5.90242
5.8183
5.8183
5.8183
5.8183
5.8183
5.8183
5.8183
5.63604
5.41172
5.57996
5.38368
5.56594
5.59398
5.59398
5.76222
5.608
4.85092
4.66866
5.1173
4.64062
5.34162
5.20142
4.31816
4.50042
5.13132
4.8369
4.9771
4.80886
4.61258
4.72474
4.22002
4.4864
4.37424
4.33218
4.1359
4.50042
4.17796
4.2761
4.33218
4.09384
3.79942
3.37882
4.07982
3.98168
3.77138
4.1359
3.79942
3.93962
3.39284
3.505
3.88354
3.77138
3.35078
3.49098
3.33676
3.2947
3.67324
3.74334
3.35078
3.09842
3.2246
3.40686
3.21058
2.78998
3.09842
2.97224
3.12646
2.97224
2.9442
3.12646
3.35078
2.804
3.2947
3.18254
2.95822
3.11244
3.14048
3.1545
3.1545
3.1545
2.95822
3.12646
2.91616
2.86008
3.02832
2.81802
2.78998
2.78998
2.5937
2.1731
2.3133
2.53762
2.36938
2.34134
2.53762
2.36938
2.53762
2.56566
2.76194
2.5937
2.36938
2.14506
2.50958
2.55164
1.90672
2.18712
1.4721
1.71044
1.90672
2.00486
2.5236
2.06094
1.43004
2.27124
2.01888
1.41602
1.51416
0.96738
1.62632
1.71044
2.14506
1.6123
1.94878
1.7525
1.73848
1.78054
2.103
1.55622
1.85064
1.06552
1.93476
1.83662
2.41144
1.3319
1.6123
1.20572
1.38798
1.35994
1.78054
1.62632
1.97682
1.50014
2.15908
1.69642
1.8226
1.44406
1.21974
1.17768
1.35994
1.55622
1.38798
2.08898
1.58426
1.31788
1.44406
1.44406
1.6824
1.66838
1.55622
0.89728
1.57024
1.65436
1.13562
1.41602
1.4721
1.09356
1.402
1.65436
1.86466
1.1917
1.6123
1.45808
1.66838
1.65436
0.88326
1.4721
0.79914
1.23376
1.52818
1.5422
1.16366
1.13562
0.71502
0.85522
1.45808
0.9814
0.50472
1.00944
1.09356
1.48612
1.34592
1.16366
0.92532
0.88326
1.4721
1.51416
1.73848
2.11702
1.402
1.64034
1.45808
1.21974
1.58426
1.24778
1.00944
1.35994
1.21974
1.38798
1.41602
1.80858
1.07954
1.35994
1.21974
1.58426
1.44406
1.6123
1.44406
2.00486
1.69642
2.0329
1.10758
1.55622
1.21974
1.51416
0.7711
1.6123
1.72446
1.3319
1.27582
1.86466
1.7525
1.72446
1.72446
1.92074
1.55622
1.30386
1.4721
1.8927
1.94878
1.55622
1.8927
1.94878
1.55622
1.69642
1.72446
1.92074
2.14506
2.1731
2.32732
1.92074
1.86466
1.83662
1.80858
2.00486
1.83662
1.80858
2.00486
2.22918
2.06094
2.01888
1.83662
1.83662
1.99084
2.0329
2.42546
1.8927
2.20114
1.86466
2.20114
2.06094
2.0329
2.22918
1.66838
1.94878
1.78054
1.92074
1.93476
1.8927
1.50014
2.0329
2.11702
2.11702
1.92074
1.8927
2.28526
1.94878
1.8927
2.48154
2.53762
2.39742
1.94878
2.28526
1.94878
2.08898
2.11702
2.11702
2.3133
2.70586
2.97224
2.64978
2.32732
2.103
2.62174
2.29928
2.41144
2.22918
2.5937
3.04234
2.11702
2.36938
2.42546
2.42546
2.81802
2.48154
2.62174
3.04234
2.11702
2.76194
2.8741
2.48154
3.0143
2.90214
3.07038
3.2947
3.12646
3.2947
2.93018
2.48154
3.21058
2.7339
2.804
3.00028
2.62174
2.9442
3.3648
3.79942
3.46294
2.62174
3.2947
2.81802
2.93018
3.35078
3.40686
3.21058
2.78998
3.32274
3.40686
3.0143
3.1545
2.98626
2.95822
3.54706
3.23862
3.18254
3.37882
3.21058
3.37882
3.40686
3.40686
3.79942
3.46294
3.74334
3.60314
3.74334
3.56108
3.30872
3.46294
3.49098
3.68726
3.51902
3.49098
3.28068
3.46294
3.505
3.49098
3.49098
3.2947
3.65922
3.7153
3.7153
3.51902
3.68726
3.32274
3.65922
3.7153
3.7153
3.51902
3.68726
3.7153
3.32274
3.46294
3.68726
3.70128
3.6452
3.6452
3.82746
3.6452
3.39284
3.35078
3.54706
3.5751
3.5751
3.37882
3.54706
3.37882
3.3648
3.53304
3.5751
3.37882
3.54706
3.5751
3.5751
3.5751
3.5751
3.5751
3.5751
3.5751
3.18254
3.51902
3.5751
3.5751
3.5751
3.5751
3.5751
3.5751
3.5751
3.56108
3.51902
3.505
3.49098
3.47696
3.6452
3.46294
3.63118
3.46294
3.4349
3.4349
3.4349
3.4349
3.4349
3.63118
3.46294
3.4349
3.4349
3.4349
3.63118
3.65922
3.65922
3.46294
3.63118
3.46294
3.44892
3.44892
3.4349
3.60314
3.65922
3.65922
3.67324
3.44892
3.63118
3.46294
3.4349
3.4349
3.39284
3.5751
3.5751
3.37882
3.51902
3.33676
3.2947
3.11244
3.44892
3.7153
3.35078
3.12646
3.26666
3.0844
3.46294
3.505
3.32274
3.2947
3.2947
3.505
3.7153
3.53304
3.91158
3.37882
3.2947
3.68726
3.74334
3.54706
3.32274
